2021/09/17-17:34:21.512018 7f0ee86c7c80 RocksDB version: 6.17.3
2021/09/17-17:34:21.512039 7f0ee86c7c80 Git sha rocksdb_build_git_sha:@09c7e96eac1ab983f97ce9e0406730b8014b3398@
2021/09/17-17:34:21.512040 7f0ee86c7c80 Compile date Aug 11 2021
2021/09/17-17:34:21.512081 7f0ee86c7c80 DB SUMMARY
2021/09/17-17:34:21.512082 7f0ee86c7c80 DB Session ID:  H5FH6LFKMF948PJL77IQ
2021/09/17-17:34:21.512099 7f0ee86c7c80 CURRENT file:  CURRENT
2021/09/17-17:34:21.512100 7f0ee86c7c80 IDENTITY file:  IDENTITY
2021/09/17-17:34:21.512102 7f0ee86c7c80 MANIFEST file:  MANIFEST-000003 size: 1376 Bytes
2021/09/17-17:34:21.512103 7f0ee86c7c80 SST files in test-ledger/rocksdb dir, Total Num: 0, files: 
2021/09/17-17:34:21.512104 7f0ee86c7c80 Write Ahead Log file in test-ledger/rocksdb: 000004.log size: 3918 ; 
2021/09/17-17:34:21.512105 7f0ee86c7c80                         Options.error_if_exists: 0
2021/09/17-17:34:21.512106 7f0ee86c7c80                       Options.create_if_missing: 1
2021/09/17-17:34:21.512107 7f0ee86c7c80                         Options.paranoid_checks: 1
2021/09/17-17:34:21.512107 7f0ee86c7c80                               Options.track_and_verify_wals_in_manifest: 0
2021/09/17-17:34:21.512108 7f0ee86c7c80                                     Options.env: 0x563400ebd2c0
2021/09/17-17:34:21.512109 7f0ee86c7c80                                      Options.fs: Posix File System
2021/09/17-17:34:21.512110 7f0ee86c7c80                                Options.info_log: 0x563401c10610
2021/09/17-17:34:21.512110 7f0ee86c7c80                Options.max_file_opening_threads: 16
2021/09/17-17:34:21.512111 7f0ee86c7c80                              Options.statistics: (nil)
2021/09/17-17:34:21.512112 7f0ee86c7c80                               Options.use_fsync: 0
2021/09/17-17:34:21.512113 7f0ee86c7c80                       Options.max_log_file_size: 0
2021/09/17-17:34:21.512113 7f0ee86c7c80                  Options.max_manifest_file_size: 1073741824
2021/09/17-17:34:21.512114 7f0ee86c7c80                   Options.log_file_time_to_roll: 0
2021/09/17-17:34:21.512115 7f0ee86c7c80                       Options.keep_log_file_num: 1000
2021/09/17-17:34:21.512115 7f0ee86c7c80                    Options.recycle_log_file_num: 0
2021/09/17-17:34:21.512116 7f0ee86c7c80                         Options.allow_fallocate: 1
2021/09/17-17:34:21.512116 7f0ee86c7c80                        Options.allow_mmap_reads: 0
2021/09/17-17:34:21.512117 7f0ee86c7c80                       Options.allow_mmap_writes: 0
2021/09/17-17:34:21.512118 7f0ee86c7c80                        Options.use_direct_reads: 0
2021/09/17-17:34:21.512118 7f0ee86c7c80                        Options.use_direct_io_for_flush_and_compaction: 0
2021/09/17-17:34:21.512119 7f0ee86c7c80          Options.create_missing_column_families: 1
2021/09/17-17:34:21.512119 7f0ee86c7c80                              Options.db_log_dir: 
2021/09/17-17:34:21.512120 7f0ee86c7c80                                 Options.wal_dir: test-ledger/rocksdb
2021/09/17-17:34:21.512121 7f0ee86c7c80                Options.table_cache_numshardbits: 6
2021/09/17-17:34:21.512121 7f0ee86c7c80                         Options.WAL_ttl_seconds: 0
2021/09/17-17:34:21.512122 7f0ee86c7c80                       Options.WAL_size_limit_MB: 0
2021/09/17-17:34:21.512123 7f0ee86c7c80                        Options.max_write_batch_group_size_bytes: 1048576
2021/09/17-17:34:21.512123 7f0ee86c7c80             Options.manifest_preallocation_size: 4194304
2021/09/17-17:34:21.512124 7f0ee86c7c80                     Options.is_fd_close_on_exec: 1
2021/09/17-17:34:21.512124 7f0ee86c7c80                   Options.advise_random_on_open: 1
2021/09/17-17:34:21.512125 7f0ee86c7c80                    Options.db_write_buffer_size: 0
2021/09/17-17:34:21.512126 7f0ee86c7c80                    Options.write_buffer_manager: 0x563401d44310
2021/09/17-17:34:21.512126 7f0ee86c7c80         Options.access_hint_on_compaction_start: 1
2021/09/17-17:34:21.512127 7f0ee86c7c80  Options.new_table_reader_for_compaction_inputs: 0
2021/09/17-17:34:21.512128 7f0ee86c7c80           Options.random_access_max_buffer_size: 1048576
2021/09/17-17:34:21.512128 7f0ee86c7c80                      Options.use_adaptive_mutex: 0
2021/09/17-17:34:21.512135 7f0ee86c7c80                            Options.rate_limiter: (nil)
2021/09/17-17:34:21.512136 7f0ee86c7c80     Options.sst_file_manager.rate_bytes_per_sec: 0
2021/09/17-17:34:21.512137 7f0ee86c7c80                       Options.wal_recovery_mode: 2
2021/09/17-17:34:21.512138 7f0ee86c7c80                  Options.enable_thread_tracking: 0
2021/09/17-17:34:21.512138 7f0ee86c7c80                  Options.enable_pipelined_write: 0
2021/09/17-17:34:21.512139 7f0ee86c7c80                  Options.unordered_write: 0
2021/09/17-17:34:21.512139 7f0ee86c7c80         Options.allow_concurrent_memtable_write: 1
2021/09/17-17:34:21.512141 7f0ee86c7c80      Options.enable_write_thread_adaptive_yield: 1
2021/09/17-17:34:21.512142 7f0ee86c7c80             Options.write_thread_max_yield_usec: 100
2021/09/17-17:34:21.512143 7f0ee86c7c80            Options.write_thread_slow_yield_usec: 3
2021/09/17-17:34:21.512144 7f0ee86c7c80                               Options.row_cache: None
2021/09/17-17:34:21.512145 7f0ee86c7c80                              Options.wal_filter: None
2021/09/17-17:34:21.512146 7f0ee86c7c80             Options.avoid_flush_during_recovery: 0
2021/09/17-17:34:21.512147 7f0ee86c7c80             Options.allow_ingest_behind: 0
2021/09/17-17:34:21.512148 7f0ee86c7c80             Options.preserve_deletes: 0
2021/09/17-17:34:21.512149 7f0ee86c7c80             Options.two_write_queues: 0
2021/09/17-17:34:21.512149 7f0ee86c7c80             Options.manual_wal_flush: 0
2021/09/17-17:34:21.512150 7f0ee86c7c80             Options.atomic_flush: 0
2021/09/17-17:34:21.512151 7f0ee86c7c80             Options.avoid_unnecessary_blocking_io: 0
2021/09/17-17:34:21.512152 7f0ee86c7c80                 Options.persist_stats_to_disk: 0
2021/09/17-17:34:21.512154 7f0ee86c7c80                 Options.write_dbid_to_manifest: 0
2021/09/17-17:34:21.512154 7f0ee86c7c80                 Options.log_readahead_size: 0
2021/09/17-17:34:21.512155 7f0ee86c7c80                 Options.file_checksum_gen_factory: Unknown
2021/09/17-17:34:21.512157 7f0ee86c7c80                 Options.best_efforts_recovery: 0
2021/09/17-17:34:21.512158 7f0ee86c7c80                Options.max_bgerror_resume_count: 2147483647
2021/09/17-17:34:21.512159 7f0ee86c7c80            Options.bgerror_resume_retry_interval: 1000000
2021/09/17-17:34:21.512160 7f0ee86c7c80             Options.allow_data_in_errors: 0
2021/09/17-17:34:21.512161 7f0ee86c7c80             Options.db_host_id: __hostname__
2021/09/17-17:34:21.512162 7f0ee86c7c80             Options.max_background_jobs: 8
2021/09/17-17:34:21.512163 7f0ee86c7c80             Options.max_background_compactions: -1
2021/09/17-17:34:21.512164 7f0ee86c7c80             Options.max_subcompactions: 1
2021/09/17-17:34:21.512165 7f0ee86c7c80             Options.avoid_flush_during_shutdown: 0
2021/09/17-17:34:21.512166 7f0ee86c7c80           Options.writable_file_max_buffer_size: 1048576
2021/09/17-17:34:21.512167 7f0ee86c7c80             Options.delayed_write_rate : 16777216
2021/09/17-17:34:21.512168 7f0ee86c7c80             Options.max_total_wal_size: 4294967296
2021/09/17-17:34:21.512169 7f0ee86c7c80             Options.delete_obsolete_files_period_micros: 21600000000
2021/09/17-17:34:21.512170 7f0ee86c7c80                   Options.stats_dump_period_sec: 600
2021/09/17-17:34:21.512171 7f0ee86c7c80                 Options.stats_persist_period_sec: 600
2021/09/17-17:34:21.512172 7f0ee86c7c80                 Options.stats_history_buffer_size: 1048576
2021/09/17-17:34:21.512173 7f0ee86c7c80                          Options.max_open_files: -1
2021/09/17-17:34:21.512174 7f0ee86c7c80                          Options.bytes_per_sync: 0
2021/09/17-17:34:21.512175 7f0ee86c7c80                      Options.wal_bytes_per_sync: 0
2021/09/17-17:34:21.512176 7f0ee86c7c80                   Options.strict_bytes_per_sync: 0
2021/09/17-17:34:21.512176 7f0ee86c7c80       Options.compaction_readahead_size: 0
2021/09/17-17:34:21.512177 7f0ee86c7c80                  Options.max_background_flushes: -1
2021/09/17-17:34:21.512183 7f0ee86c7c80 Compression algorithms supported:
2021/09/17-17:34:21.512184 7f0ee86c7c80 	kZSTDNotFinalCompression supported: 0
2021/09/17-17:34:21.512185 7f0ee86c7c80 	kZSTD supported: 0
2021/09/17-17:34:21.512185 7f0ee86c7c80 	kXpressCompression supported: 0
2021/09/17-17:34:21.512186 7f0ee86c7c80 	kLZ4HCCompression supported: 1
2021/09/17-17:34:21.512187 7f0ee86c7c80 	kLZ4Compression supported: 1
2021/09/17-17:34:21.512188 7f0ee86c7c80 	kBZip2Compression supported: 0
2021/09/17-17:34:21.512188 7f0ee86c7c80 	kZlibCompression supported: 0
2021/09/17-17:34:21.512189 7f0ee86c7c80 	kSnappyCompression supported: 0
2021/09/17-17:34:21.512190 7f0ee86c7c80 Fast CRC32 supported: Supported on x86
2021/09/17-17:34:21.512222 7f0ee86c7c80 [db/version_set.cc:4757] Recovering from manifest file: test-ledger/rocksdb/MANIFEST-000003
2021/09/17-17:34:21.512314 7f0ee86c7c80 [db/column_family.cc:597] --------------- Options for column family [default]:
2021/09/17-17:34:21.512316 7f0ee86c7c80               Options.comparator: leveldb.BytewiseComparator
2021/09/17-17:34:21.512317 7f0ee86c7c80           Options.merge_operator: None
2021/09/17-17:34:21.512317 7f0ee86c7c80        Options.compaction_filter: None
2021/09/17-17:34:21.512318 7f0ee86c7c80        Options.compaction_filter_factory: None
2021/09/17-17:34:21.512318 7f0ee86c7c80  Options.sst_partitioner_factory: None
2021/09/17-17:34:21.512319 7f0ee86c7c80         Options.memtable_factory: SkipListFactory
2021/09/17-17:34:21.512320 7f0ee86c7c80            Options.table_factory: BlockBasedTable
2021/09/17-17:34:21.512339 7f0ee86c7c80            table_factory options:   flush_block_policy_factory: FlushBlockBySizePolicyFactory (0x563401ca0ed0)
  cache_index_and_filter_blocks: 0
  cache_index_and_filter_blocks_with_high_priority: 1
  pin_l0_filter_and_index_blocks_in_cache: 0
  pin_top_level_index_and_filter: 1
  index_type: 0
  data_block_index_type: 0
  index_shortening: 1
  data_block_hash_table_util_ratio: 0.750000
  hash_index_allow_collision: 1
  checksum: 1
  no_block_cache: 0
  block_cache: 0x563401ca0f20
  block_cache_name: LRUCache
  block_cache_options:
    capacity : 8388608
    num_shard_bits : 4
    strict_capacity_limit : 0
    memory_allocator : None
    high_pri_pool_ratio: 0.000
  block_cache_compressed: (nil)
  persistent_cache: (nil)
  block_size: 4096
  block_size_deviation: 10
  block_restart_interval: 16
  index_block_restart_interval: 1
  metadata_block_size: 4096
  partition_filters: 0
  use_delta_encoding: 1
  filter_policy: nullptr
  whole_key_filtering: 1
  verify_compression: 0
  read_amp_bytes_per_bit: 0
  format_version: 4
  enable_index_compression: 1
  block_align: 0
2021/09/17-17:34:21.512340 7f0ee86c7c80        Options.write_buffer_size: 67108864
2021/09/17-17:34:21.512341 7f0ee86c7c80  Options.max_write_buffer_number: 2
2021/09/17-17:34:21.512342 7f0ee86c7c80          Options.compression: NoCompression
2021/09/17-17:34:21.512342 7f0ee86c7c80                  Options.bottommost_compression: Disabled
2021/09/17-17:34:21.512343 7f0ee86c7c80       Options.prefix_extractor: nullptr
2021/09/17-17:34:21.512344 7f0ee86c7c80   Options.memtable_insert_with_hint_prefix_extractor: nullptr
2021/09/17-17:34:21.512344 7f0ee86c7c80             Options.num_levels: 7
2021/09/17-17:34:21.512345 7f0ee86c7c80        Options.min_write_buffer_number_to_merge: 1
2021/09/17-17:34:21.512345 7f0ee86c7c80     Options.max_write_buffer_number_to_maintain: 0
2021/09/17-17:34:21.512346 7f0ee86c7c80     Options.max_write_buffer_size_to_maintain: 0
2021/09/17-17:34:21.512347 7f0ee86c7c80            Options.bottommost_compression_opts.window_bits: -14
2021/09/17-17:34:21.512347 7f0ee86c7c80                  Options.bottommost_compression_opts.level: 32767
2021/09/17-17:34:21.512348 7f0ee86c7c80               Options.bottommost_compression_opts.strategy: 0
2021/09/17-17:34:21.512349 7f0ee86c7c80         Options.bottommost_compression_opts.max_dict_bytes: 0
2021/09/17-17:34:21.512349 7f0ee86c7c80         Options.bottommost_compression_opts.zstd_max_train_bytes: 0
2021/09/17-17:34:21.512357 7f0ee86c7c80         Options.bottommost_compression_opts.parallel_threads: 1
2021/09/17-17:34:21.512357 7f0ee86c7c80                  Options.bottommost_compression_opts.enabled: false
2021/09/17-17:34:21.512358 7f0ee86c7c80            Options.compression_opts.window_bits: -14
2021/09/17-17:34:21.512359 7f0ee86c7c80                  Options.compression_opts.level: 32767
2021/09/17-17:34:21.512360 7f0ee86c7c80               Options.compression_opts.strategy: 0
2021/09/17-17:34:21.512360 7f0ee86c7c80         Options.compression_opts.max_dict_bytes: 0
2021/09/17-17:34:21.512361 7f0ee86c7c80         Options.compression_opts.zstd_max_train_bytes: 0
2021/09/17-17:34:21.512362 7f0ee86c7c80         Options.compression_opts.parallel_threads: 1
2021/09/17-17:34:21.512362 7f0ee86c7c80                  Options.compression_opts.enabled: false
2021/09/17-17:34:21.512363 7f0ee86c7c80      Options.level0_file_num_compaction_trigger: 4
2021/09/17-17:34:21.512363 7f0ee86c7c80          Options.level0_slowdown_writes_trigger: 20
2021/09/17-17:34:21.512364 7f0ee86c7c80              Options.level0_stop_writes_trigger: 36
2021/09/17-17:34:21.512365 7f0ee86c7c80                   Options.target_file_size_base: 67108864
2021/09/17-17:34:21.512365 7f0ee86c7c80             Options.target_file_size_multiplier: 1
2021/09/17-17:34:21.512366 7f0ee86c7c80                Options.max_bytes_for_level_base: 268435456
2021/09/17-17:34:21.512366 7f0ee86c7c80 Options.level_compaction_dynamic_level_bytes: 0
2021/09/17-17:34:21.512367 7f0ee86c7c80          Options.max_bytes_for_level_multiplier: 10.000000
2021/09/17-17:34:21.512369 7f0ee86c7c80 Options.max_bytes_for_level_multiplier_addtl[0]: 1
2021/09/17-17:34:21.512370 7f0ee86c7c80 Options.max_bytes_for_level_multiplier_addtl[1]: 1
2021/09/17-17:34:21.512371 7f0ee86c7c80 Options.max_bytes_for_level_multiplier_addtl[2]: 1
2021/09/17-17:34:21.512371 7f0ee86c7c80 Options.max_bytes_for_level_multiplier_addtl[3]: 1
2021/09/17-17:34:21.512372 7f0ee86c7c80 Options.max_bytes_for_level_multiplier_addtl[4]: 1
2021/09/17-17:34:21.512373 7f0ee86c7c80 Options.max_bytes_for_level_multiplier_addtl[5]: 1
2021/09/17-17:34:21.512373 7f0ee86c7c80 Options.max_bytes_for_level_multiplier_addtl[6]: 1
2021/09/17-17:34:21.512374 7f0ee86c7c80       Options.max_sequential_skip_in_iterations: 8
2021/09/17-17:34:21.512374 7f0ee86c7c80                    Options.max_compaction_bytes: 1677721600
2021/09/17-17:34:21.512375 7f0ee86c7c80                        Options.arena_block_size: 8388608
2021/09/17-17:34:21.512376 7f0ee86c7c80   Options.soft_pending_compaction_bytes_limit: 68719476736
2021/09/17-17:34:21.512376 7f0ee86c7c80   Options.hard_pending_compaction_bytes_limit: 274877906944
2021/09/17-17:34:21.512377 7f0ee86c7c80       Options.rate_limit_delay_max_milliseconds: 100
2021/09/17-17:34:21.512378 7f0ee86c7c80                Options.disable_auto_compactions: 0
2021/09/17-17:34:21.512379 7f0ee86c7c80                        Options.compaction_style: kCompactionStyleLevel
2021/09/17-17:34:21.512380 7f0ee86c7c80                          Options.compaction_pri: kMinOverlappingRatio
2021/09/17-17:34:21.512381 7f0ee86c7c80 Options.compaction_options_universal.size_ratio: 1
2021/09/17-17:34:21.512381 7f0ee86c7c80 Options.compaction_options_universal.min_merge_width: 2
2021/09/17-17:34:21.512382 7f0ee86c7c80 Options.compaction_options_universal.max_merge_width: 4294967295
2021/09/17-17:34:21.512383 7f0ee86c7c80 Options.compaction_options_universal.max_size_amplification_percent: 200
2021/09/17-17:34:21.512383 7f0ee86c7c80 Options.compaction_options_universal.compression_size_percent: -1
2021/09/17-17:34:21.512385 7f0ee86c7c80 Options.compaction_options_universal.stop_style: kCompactionStopStyleTotalSize
2021/09/17-17:34:21.512385 7f0ee86c7c80 Options.compaction_options_fifo.max_table_files_size: 1073741824
2021/09/17-17:34:21.512386 7f0ee86c7c80 Options.compaction_options_fifo.allow_compaction: 0
2021/09/17-17:34:21.512401 7f0ee86c7c80                   Options.table_properties_collectors: 
2021/09/17-17:34:21.512406 7f0ee86c7c80                   Options.inplace_update_support: 0
2021/09/17-17:34:21.512407 7f0ee86c7c80                 Options.inplace_update_num_locks: 10000
2021/09/17-17:34:21.512408 7f0ee86c7c80               Options.memtable_prefix_bloom_size_ratio: 0.000000
2021/09/17-17:34:21.512408 7f0ee86c7c80               Options.memtable_whole_key_filtering: 0
2021/09/17-17:34:21.512409 7f0ee86c7c80   Options.memtable_huge_page_size: 0
2021/09/17-17:34:21.512410 7f0ee86c7c80                           Options.bloom_locality: 0
2021/09/17-17:34:21.512410 7f0ee86c7c80                    Options.max_successive_merges: 0
2021/09/17-17:34:21.512411 7f0ee86c7c80                Options.optimize_filters_for_hits: 0
2021/09/17-17:34:21.512411 7f0ee86c7c80                Options.paranoid_file_checks: 0
2021/09/17-17:34:21.512412 7f0ee86c7c80                Options.force_consistency_checks: 1
2021/09/17-17:34:21.512413 7f0ee86c7c80                Options.report_bg_io_stats: 0
2021/09/17-17:34:21.512413 7f0ee86c7c80                               Options.ttl: 2592000
2021/09/17-17:34:21.512414 7f0ee86c7c80          Options.periodic_compaction_seconds: 0
2021/09/17-17:34:21.512415 7f0ee86c7c80                    Options.enable_blob_files: false
2021/09/17-17:34:21.512415 7f0ee86c7c80                        Options.min_blob_size: 0
2021/09/17-17:34:21.512416 7f0ee86c7c80                       Options.blob_file_size: 268435456
2021/09/17-17:34:21.512417 7f0ee86c7c80                Options.blob_compression_type: NoCompression
2021/09/17-17:34:21.512417 7f0ee86c7c80       Options.enable_blob_garbage_collection: false
2021/09/17-17:34:21.512418 7f0ee86c7c80   Options.blob_garbage_collection_age_cutoff: 0.250000
2021/09/17-17:34:21.512451 7f0ee86c7c80 [db/column_family.cc:597] --------------- Options for column family [meta]:
2021/09/17-17:34:21.512452 7f0ee86c7c80               Options.comparator: leveldb.BytewiseComparator
2021/09/17-17:34:21.512453 7f0ee86c7c80           Options.merge_operator: None
2021/09/17-17:34:21.512454 7f0ee86c7c80        Options.compaction_filter: None
2021/09/17-17:34:21.512455 7f0ee86c7c80        Options.compaction_filter_factory: purged_slot_filter_factory(meta)
2021/09/17-17:34:21.512456 7f0ee86c7c80  Options.sst_partitioner_factory: None
2021/09/17-17:34:21.512456 7f0ee86c7c80         Options.memtable_factory: SkipListFactory
2021/09/17-17:34:21.512457 7f0ee86c7c80            Options.table_factory: BlockBasedTable
2021/09/17-17:34:21.512467 7f0ee86c7c80            table_factory options:   flush_block_policy_factory: FlushBlockBySizePolicyFactory (0x563401bff6f0)
  cache_index_and_filter_blocks: 0
  cache_index_and_filter_blocks_with_high_priority: 1
  pin_l0_filter_and_index_blocks_in_cache: 0
  pin_top_level_index_and_filter: 1
  index_type: 0
  data_block_index_type: 0
  index_shortening: 1
  data_block_hash_table_util_ratio: 0.750000
  hash_index_allow_collision: 1
  checksum: 1
  no_block_cache: 0
  block_cache: 0x563401b13d70
  block_cache_name: LRUCache
  block_cache_options:
    capacity : 8388608
    num_shard_bits : 4
    strict_capacity_limit : 0
    memory_allocator : None
    high_pri_pool_ratio: 0.000
  block_cache_compressed: (nil)
  persistent_cache: (nil)
  block_size: 4096
  block_size_deviation: 10
  block_restart_interval: 16
  index_block_restart_interval: 1
  metadata_block_size: 4096
  partition_filters: 0
  use_delta_encoding: 1
  filter_policy: nullptr
  whole_key_filtering: 1
  verify_compression: 0
  read_amp_bytes_per_bit: 0
  format_version: 4
  enable_index_compression: 1
  block_align: 0
2021/09/17-17:34:21.512468 7f0ee86c7c80        Options.write_buffer_size: 268435456
2021/09/17-17:34:21.512468 7f0ee86c7c80  Options.max_write_buffer_number: 8
2021/09/17-17:34:21.512469 7f0ee86c7c80          Options.compression: NoCompression
2021/09/17-17:34:21.512470 7f0ee86c7c80                  Options.bottommost_compression: Disabled
2021/09/17-17:34:21.512470 7f0ee86c7c80       Options.prefix_extractor: nullptr
2021/09/17-17:34:21.512471 7f0ee86c7c80   Options.memtable_insert_with_hint_prefix_extractor: nullptr
2021/09/17-17:34:21.512476 7f0ee86c7c80             Options.num_levels: 7
2021/09/17-17:34:21.512477 7f0ee86c7c80        Options.min_write_buffer_number_to_merge: 1
2021/09/17-17:34:21.512477 7f0ee86c7c80     Options.max_write_buffer_number_to_maintain: 0
2021/09/17-17:34:21.512478 7f0ee86c7c80     Options.max_write_buffer_size_to_maintain: 0
2021/09/17-17:34:21.512479 7f0ee86c7c80            Options.bottommost_compression_opts.window_bits: -14
2021/09/17-17:34:21.512479 7f0ee86c7c80                  Options.bottommost_compression_opts.level: 32767
2021/09/17-17:34:21.512480 7f0ee86c7c80               Options.bottommost_compression_opts.strategy: 0
2021/09/17-17:34:21.512480 7f0ee86c7c80         Options.bottommost_compression_opts.max_dict_bytes: 0
2021/09/17-17:34:21.512481 7f0ee86c7c80         Options.bottommost_compression_opts.zstd_max_train_bytes: 0
2021/09/17-17:34:21.512482 7f0ee86c7c80         Options.bottommost_compression_opts.parallel_threads: 1
2021/09/17-17:34:21.512482 7f0ee86c7c80                  Options.bottommost_compression_opts.enabled: false
2021/09/17-17:34:21.512483 7f0ee86c7c80            Options.compression_opts.window_bits: -14
2021/09/17-17:34:21.512483 7f0ee86c7c80                  Options.compression_opts.level: 32767
2021/09/17-17:34:21.512484 7f0ee86c7c80               Options.compression_opts.strategy: 0
2021/09/17-17:34:21.512485 7f0ee86c7c80         Options.compression_opts.max_dict_bytes: 0
2021/09/17-17:34:21.512485 7f0ee86c7c80         Options.compression_opts.zstd_max_train_bytes: 0
2021/09/17-17:34:21.512486 7f0ee86c7c80         Options.compression_opts.parallel_threads: 1
2021/09/17-17:34:21.512486 7f0ee86c7c80                  Options.compression_opts.enabled: false
2021/09/17-17:34:21.512487 7f0ee86c7c80      Options.level0_file_num_compaction_trigger: 4
2021/09/17-17:34:21.512488 7f0ee86c7c80          Options.level0_slowdown_writes_trigger: 20
2021/09/17-17:34:21.512488 7f0ee86c7c80              Options.level0_stop_writes_trigger: 36
2021/09/17-17:34:21.512489 7f0ee86c7c80                   Options.target_file_size_base: 107374182
2021/09/17-17:34:21.512489 7f0ee86c7c80             Options.target_file_size_multiplier: 1
2021/09/17-17:34:21.512490 7f0ee86c7c80                Options.max_bytes_for_level_base: 1073741824
2021/09/17-17:34:21.512491 7f0ee86c7c80 Options.level_compaction_dynamic_level_bytes: 0
2021/09/17-17:34:21.512491 7f0ee86c7c80          Options.max_bytes_for_level_multiplier: 10.000000
2021/09/17-17:34:21.512492 7f0ee86c7c80 Options.max_bytes_for_level_multiplier_addtl[0]: 1
2021/09/17-17:34:21.512493 7f0ee86c7c80 Options.max_bytes_for_level_multiplier_addtl[1]: 1
2021/09/17-17:34:21.512494 7f0ee86c7c80 Options.max_bytes_for_level_multiplier_addtl[2]: 1
2021/09/17-17:34:21.512494 7f0ee86c7c80 Options.max_bytes_for_level_multiplier_addtl[3]: 1
2021/09/17-17:34:21.512495 7f0ee86c7c80 Options.max_bytes_for_level_multiplier_addtl[4]: 1
2021/09/17-17:34:21.512495 7f0ee86c7c80 Options.max_bytes_for_level_multiplier_addtl[5]: 1
2021/09/17-17:34:21.512496 7f0ee86c7c80 Options.max_bytes_for_level_multiplier_addtl[6]: 1
2021/09/17-17:34:21.512497 7f0ee86c7c80       Options.max_sequential_skip_in_iterations: 8
2021/09/17-17:34:21.512497 7f0ee86c7c80                    Options.max_compaction_bytes: 2684354550
2021/09/17-17:34:21.512498 7f0ee86c7c80                        Options.arena_block_size: 33554432
2021/09/17-17:34:21.512499 7f0ee86c7c80   Options.soft_pending_compaction_bytes_limit: 68719476736
2021/09/17-17:34:21.512499 7f0ee86c7c80   Options.hard_pending_compaction_bytes_limit: 274877906944
2021/09/17-17:34:21.512500 7f0ee86c7c80       Options.rate_limit_delay_max_milliseconds: 100
2021/09/17-17:34:21.512501 7f0ee86c7c80                Options.disable_auto_compactions: 0
2021/09/17-17:34:21.512501 7f0ee86c7c80                        Options.compaction_style: kCompactionStyleLevel
2021/09/17-17:34:21.512502 7f0ee86c7c80                          Options.compaction_pri: kMinOverlappingRatio
2021/09/17-17:34:21.512503 7f0ee86c7c80 Options.compaction_options_universal.size_ratio: 1
2021/09/17-17:34:21.512507 7f0ee86c7c80 Options.compaction_options_universal.min_merge_width: 2
2021/09/17-17:34:21.512507 7f0ee86c7c80 Options.compaction_options_universal.max_merge_width: 4294967295
2021/09/17-17:34:21.512508 7f0ee86c7c80 Options.compaction_options_universal.max_size_amplification_percent: 200
2021/09/17-17:34:21.512509 7f0ee86c7c80 Options.compaction_options_universal.compression_size_percent: -1
2021/09/17-17:34:21.512509 7f0ee86c7c80 Options.compaction_options_universal.stop_style: kCompactionStopStyleTotalSize
2021/09/17-17:34:21.512510 7f0ee86c7c80 Options.compaction_options_fifo.max_table_files_size: 1073741824
2021/09/17-17:34:21.512511 7f0ee86c7c80 Options.compaction_options_fifo.allow_compaction: 0
2021/09/17-17:34:21.512512 7f0ee86c7c80                   Options.table_properties_collectors: 
2021/09/17-17:34:21.512512 7f0ee86c7c80                   Options.inplace_update_support: 0
2021/09/17-17:34:21.512513 7f0ee86c7c80                 Options.inplace_update_num_locks: 10000
2021/09/17-17:34:21.512514 7f0ee86c7c80               Options.memtable_prefix_bloom_size_ratio: 0.000000
2021/09/17-17:34:21.512515 7f0ee86c7c80               Options.memtable_whole_key_filtering: 0
2021/09/17-17:34:21.512515 7f0ee86c7c80   Options.memtable_huge_page_size: 0
2021/09/17-17:34:21.512516 7f0ee86c7c80                           Options.bloom_locality: 0
2021/09/17-17:34:21.512516 7f0ee86c7c80                    Options.max_successive_merges: 0
2021/09/17-17:34:21.512517 7f0ee86c7c80                Options.optimize_filters_for_hits: 0
2021/09/17-17:34:21.512518 7f0ee86c7c80                Options.paranoid_file_checks: 0
2021/09/17-17:34:21.512518 7f0ee86c7c80                Options.force_consistency_checks: 1
2021/09/17-17:34:21.512519 7f0ee86c7c80                Options.report_bg_io_stats: 0
2021/09/17-17:34:21.512520 7f0ee86c7c80                               Options.ttl: 2592000
2021/09/17-17:34:21.512520 7f0ee86c7c80          Options.periodic_compaction_seconds: 2592000
2021/09/17-17:34:21.512521 7f0ee86c7c80                    Options.enable_blob_files: false
2021/09/17-17:34:21.512522 7f0ee86c7c80                        Options.min_blob_size: 0
2021/09/17-17:34:21.512522 7f0ee86c7c80                       Options.blob_file_size: 268435456
2021/09/17-17:34:21.512523 7f0ee86c7c80                Options.blob_compression_type: NoCompression
2021/09/17-17:34:21.512523 7f0ee86c7c80       Options.enable_blob_garbage_collection: false
2021/09/17-17:34:21.512524 7f0ee86c7c80   Options.blob_garbage_collection_age_cutoff: 0.250000
2021/09/17-17:34:21.512538 7f0ee86c7c80 [db/column_family.cc:597] --------------- Options for column family [dead_slots]:
2021/09/17-17:34:21.512539 7f0ee86c7c80               Options.comparator: leveldb.BytewiseComparator
2021/09/17-17:34:21.512540 7f0ee86c7c80           Options.merge_operator: None
2021/09/17-17:34:21.512540 7f0ee86c7c80        Options.compaction_filter: None
2021/09/17-17:34:21.512541 7f0ee86c7c80        Options.compaction_filter_factory: purged_slot_filter_factory(dead_slots)
2021/09/17-17:34:21.512542 7f0ee86c7c80  Options.sst_partitioner_factory: None
2021/09/17-17:34:21.512542 7f0ee86c7c80         Options.memtable_factory: SkipListFactory
2021/09/17-17:34:21.512543 7f0ee86c7c80            Options.table_factory: BlockBasedTable
2021/09/17-17:34:21.512551 7f0ee86c7c80            table_factory options:   flush_block_policy_factory: FlushBlockBySizePolicyFactory (0x563401c9ac40)
  cache_index_and_filter_blocks: 0
  cache_index_and_filter_blocks_with_high_priority: 1
  pin_l0_filter_and_index_blocks_in_cache: 0
  pin_top_level_index_and_filter: 1
  index_type: 0
  data_block_index_type: 0
  index_shortening: 1
  data_block_hash_table_util_ratio: 0.750000
  hash_index_allow_collision: 1
  checksum: 1
  no_block_cache: 0
  block_cache: 0x563401c23f90
  block_cache_name: LRUCache
  block_cache_options:
    capacity : 8388608
    num_shard_bits : 4
    strict_capacity_limit : 0
    memory_allocator : None
    high_pri_pool_ratio: 0.000
  block_cache_compressed: (nil)
  persistent_cache: (nil)
  block_size: 4096
  block_size_deviation: 10
  block_restart_interval: 16
  index_block_restart_interval: 1
  metadata_block_size: 4096
  partition_filters: 0
  use_delta_encoding: 1
  filter_policy: nullptr
  whole_key_filtering: 1
  verify_compression: 0
  read_amp_bytes_per_bit: 0
  format_version: 4
  enable_index_compression: 1
  block_align: 0
2021/09/17-17:34:21.512557 7f0ee86c7c80        Options.write_buffer_size: 268435456
2021/09/17-17:34:21.512557 7f0ee86c7c80  Options.max_write_buffer_number: 8
2021/09/17-17:34:21.512558 7f0ee86c7c80          Options.compression: NoCompression
2021/09/17-17:34:21.512559 7f0ee86c7c80                  Options.bottommost_compression: Disabled
2021/09/17-17:34:21.512559 7f0ee86c7c80       Options.prefix_extractor: nullptr
2021/09/17-17:34:21.512560 7f0ee86c7c80   Options.memtable_insert_with_hint_prefix_extractor: nullptr
2021/09/17-17:34:21.512560 7f0ee86c7c80             Options.num_levels: 7
2021/09/17-17:34:21.512561 7f0ee86c7c80        Options.min_write_buffer_number_to_merge: 1
2021/09/17-17:34:21.512562 7f0ee86c7c80     Options.max_write_buffer_number_to_maintain: 0
2021/09/17-17:34:21.512562 7f0ee86c7c80     Options.max_write_buffer_size_to_maintain: 0
2021/09/17-17:34:21.512563 7f0ee86c7c80            Options.bottommost_compression_opts.window_bits: -14
2021/09/17-17:34:21.512563 7f0ee86c7c80                  Options.bottommost_compression_opts.level: 32767
2021/09/17-17:34:21.512564 7f0ee86c7c80               Options.bottommost_compression_opts.strategy: 0
2021/09/17-17:34:21.512565 7f0ee86c7c80         Options.bottommost_compression_opts.max_dict_bytes: 0
2021/09/17-17:34:21.512565 7f0ee86c7c80         Options.bottommost_compression_opts.zstd_max_train_bytes: 0
2021/09/17-17:34:21.512566 7f0ee86c7c80         Options.bottommost_compression_opts.parallel_threads: 1
2021/09/17-17:34:21.512566 7f0ee86c7c80                  Options.bottommost_compression_opts.enabled: false
2021/09/17-17:34:21.512567 7f0ee86c7c80            Options.compression_opts.window_bits: -14
2021/09/17-17:34:21.512568 7f0ee86c7c80                  Options.compression_opts.level: 32767
2021/09/17-17:34:21.512568 7f0ee86c7c80               Options.compression_opts.strategy: 0
2021/09/17-17:34:21.512569 7f0ee86c7c80         Options.compression_opts.max_dict_bytes: 0
2021/09/17-17:34:21.512569 7f0ee86c7c80         Options.compression_opts.zstd_max_train_bytes: 0
2021/09/17-17:34:21.512570 7f0ee86c7c80         Options.compression_opts.parallel_threads: 1
2021/09/17-17:34:21.512571 7f0ee86c7c80                  Options.compression_opts.enabled: false
2021/09/17-17:34:21.512571 7f0ee86c7c80      Options.level0_file_num_compaction_trigger: 4
2021/09/17-17:34:21.512572 7f0ee86c7c80          Options.level0_slowdown_writes_trigger: 20
2021/09/17-17:34:21.512572 7f0ee86c7c80              Options.level0_stop_writes_trigger: 36
2021/09/17-17:34:21.512573 7f0ee86c7c80                   Options.target_file_size_base: 107374182
2021/09/17-17:34:21.512574 7f0ee86c7c80             Options.target_file_size_multiplier: 1
2021/09/17-17:34:21.512574 7f0ee86c7c80                Options.max_bytes_for_level_base: 1073741824
2021/09/17-17:34:21.512575 7f0ee86c7c80 Options.level_compaction_dynamic_level_bytes: 0
2021/09/17-17:34:21.512576 7f0ee86c7c80          Options.max_bytes_for_level_multiplier: 10.000000
2021/09/17-17:34:21.512576 7f0ee86c7c80 Options.max_bytes_for_level_multiplier_addtl[0]: 1
2021/09/17-17:34:21.512577 7f0ee86c7c80 Options.max_bytes_for_level_multiplier_addtl[1]: 1
2021/09/17-17:34:21.512578 7f0ee86c7c80 Options.max_bytes_for_level_multiplier_addtl[2]: 1
2021/09/17-17:34:21.512579 7f0ee86c7c80 Options.max_bytes_for_level_multiplier_addtl[3]: 1
2021/09/17-17:34:21.512579 7f0ee86c7c80 Options.max_bytes_for_level_multiplier_addtl[4]: 1
2021/09/17-17:34:21.512580 7f0ee86c7c80 Options.max_bytes_for_level_multiplier_addtl[5]: 1
2021/09/17-17:34:21.512580 7f0ee86c7c80 Options.max_bytes_for_level_multiplier_addtl[6]: 1
2021/09/17-17:34:21.512585 7f0ee86c7c80       Options.max_sequential_skip_in_iterations: 8
2021/09/17-17:34:21.512586 7f0ee86c7c80                    Options.max_compaction_bytes: 2684354550
2021/09/17-17:34:21.512586 7f0ee86c7c80                        Options.arena_block_size: 33554432
2021/09/17-17:34:21.512587 7f0ee86c7c80   Options.soft_pending_compaction_bytes_limit: 68719476736
2021/09/17-17:34:21.512587 7f0ee86c7c80   Options.hard_pending_compaction_bytes_limit: 274877906944
2021/09/17-17:34:21.512588 7f0ee86c7c80       Options.rate_limit_delay_max_milliseconds: 100
2021/09/17-17:34:21.512589 7f0ee86c7c80                Options.disable_auto_compactions: 0
2021/09/17-17:34:21.512589 7f0ee86c7c80                        Options.compaction_style: kCompactionStyleLevel
2021/09/17-17:34:21.512590 7f0ee86c7c80                          Options.compaction_pri: kMinOverlappingRatio
2021/09/17-17:34:21.512591 7f0ee86c7c80 Options.compaction_options_universal.size_ratio: 1
2021/09/17-17:34:21.512591 7f0ee86c7c80 Options.compaction_options_universal.min_merge_width: 2
2021/09/17-17:34:21.512592 7f0ee86c7c80 Options.compaction_options_universal.max_merge_width: 4294967295
2021/09/17-17:34:21.512593 7f0ee86c7c80 Options.compaction_options_universal.max_size_amplification_percent: 200
2021/09/17-17:34:21.512593 7f0ee86c7c80 Options.compaction_options_universal.compression_size_percent: -1
2021/09/17-17:34:21.512594 7f0ee86c7c80 Options.compaction_options_universal.stop_style: kCompactionStopStyleTotalSize
2021/09/17-17:34:21.512594 7f0ee86c7c80 Options.compaction_options_fifo.max_table_files_size: 1073741824
2021/09/17-17:34:21.512595 7f0ee86c7c80 Options.compaction_options_fifo.allow_compaction: 0
2021/09/17-17:34:21.512596 7f0ee86c7c80                   Options.table_properties_collectors: 
2021/09/17-17:34:21.512597 7f0ee86c7c80                   Options.inplace_update_support: 0
2021/09/17-17:34:21.512597 7f0ee86c7c80                 Options.inplace_update_num_locks: 10000
2021/09/17-17:34:21.512598 7f0ee86c7c80               Options.memtable_prefix_bloom_size_ratio: 0.000000
2021/09/17-17:34:21.512599 7f0ee86c7c80               Options.memtable_whole_key_filtering: 0
2021/09/17-17:34:21.512599 7f0ee86c7c80   Options.memtable_huge_page_size: 0
2021/09/17-17:34:21.512600 7f0ee86c7c80                           Options.bloom_locality: 0
2021/09/17-17:34:21.512601 7f0ee86c7c80                    Options.max_successive_merges: 0
2021/09/17-17:34:21.512601 7f0ee86c7c80                Options.optimize_filters_for_hits: 0
2021/09/17-17:34:21.512602 7f0ee86c7c80                Options.paranoid_file_checks: 0
2021/09/17-17:34:21.512603 7f0ee86c7c80                Options.force_consistency_checks: 1
2021/09/17-17:34:21.512603 7f0ee86c7c80                Options.report_bg_io_stats: 0
2021/09/17-17:34:21.512604 7f0ee86c7c80                               Options.ttl: 2592000
2021/09/17-17:34:21.512604 7f0ee86c7c80          Options.periodic_compaction_seconds: 2592000
2021/09/17-17:34:21.512605 7f0ee86c7c80                    Options.enable_blob_files: false
2021/09/17-17:34:21.512606 7f0ee86c7c80                        Options.min_blob_size: 0
2021/09/17-17:34:21.512606 7f0ee86c7c80                       Options.blob_file_size: 268435456
2021/09/17-17:34:21.512607 7f0ee86c7c80                Options.blob_compression_type: NoCompression
2021/09/17-17:34:21.512607 7f0ee86c7c80       Options.enable_blob_garbage_collection: false
2021/09/17-17:34:21.512608 7f0ee86c7c80   Options.blob_garbage_collection_age_cutoff: 0.250000
2021/09/17-17:34:21.512623 7f0ee86c7c80 [db/column_family.cc:597] --------------- Options for column family [duplicate_slots]:
2021/09/17-17:34:21.512624 7f0ee86c7c80               Options.comparator: leveldb.BytewiseComparator
2021/09/17-17:34:21.512625 7f0ee86c7c80           Options.merge_operator: None
2021/09/17-17:34:21.512625 7f0ee86c7c80        Options.compaction_filter: None
2021/09/17-17:34:21.512626 7f0ee86c7c80        Options.compaction_filter_factory: purged_slot_filter_factory(duplicate_slots)
2021/09/17-17:34:21.512627 7f0ee86c7c80  Options.sst_partitioner_factory: None
2021/09/17-17:34:21.512631 7f0ee86c7c80         Options.memtable_factory: SkipListFactory
2021/09/17-17:34:21.512632 7f0ee86c7c80            Options.table_factory: BlockBasedTable
2021/09/17-17:34:21.512641 7f0ee86c7c80            table_factory options:   flush_block_policy_factory: FlushBlockBySizePolicyFactory (0x563401b1cc10)
  cache_index_and_filter_blocks: 0
  cache_index_and_filter_blocks_with_high_priority: 1
  pin_l0_filter_and_index_blocks_in_cache: 0
  pin_top_level_index_and_filter: 1
  index_type: 0
  data_block_index_type: 0
  index_shortening: 1
  data_block_hash_table_util_ratio: 0.750000
  hash_index_allow_collision: 1
  checksum: 1
  no_block_cache: 0
  block_cache: 0x563401c4f8d0
  block_cache_name: LRUCache
  block_cache_options:
    capacity : 8388608
    num_shard_bits : 4
    strict_capacity_limit : 0
    memory_allocator : None
    high_pri_pool_ratio: 0.000
  block_cache_compressed: (nil)
  persistent_cache: (nil)
  block_size: 4096
  block_size_deviation: 10
  block_restart_interval: 16
  index_block_restart_interval: 1
  metadata_block_size: 4096
  partition_filters: 0
  use_delta_encoding: 1
  filter_policy: nullptr
  whole_key_filtering: 1
  verify_compression: 0
  read_amp_bytes_per_bit: 0
  format_version: 4
  enable_index_compression: 1
  block_align: 0
2021/09/17-17:34:21.512642 7f0ee86c7c80        Options.write_buffer_size: 268435456
2021/09/17-17:34:21.512642 7f0ee86c7c80  Options.max_write_buffer_number: 8
2021/09/17-17:34:21.512643 7f0ee86c7c80          Options.compression: NoCompression
2021/09/17-17:34:21.512644 7f0ee86c7c80                  Options.bottommost_compression: Disabled
2021/09/17-17:34:21.512644 7f0ee86c7c80       Options.prefix_extractor: nullptr
2021/09/17-17:34:21.512645 7f0ee86c7c80   Options.memtable_insert_with_hint_prefix_extractor: nullptr
2021/09/17-17:34:21.512645 7f0ee86c7c80             Options.num_levels: 7
2021/09/17-17:34:21.512646 7f0ee86c7c80        Options.min_write_buffer_number_to_merge: 1
2021/09/17-17:34:21.512647 7f0ee86c7c80     Options.max_write_buffer_number_to_maintain: 0
2021/09/17-17:34:21.512647 7f0ee86c7c80     Options.max_write_buffer_size_to_maintain: 0
2021/09/17-17:34:21.512648 7f0ee86c7c80            Options.bottommost_compression_opts.window_bits: -14
2021/09/17-17:34:21.512648 7f0ee86c7c80                  Options.bottommost_compression_opts.level: 32767
2021/09/17-17:34:21.512649 7f0ee86c7c80               Options.bottommost_compression_opts.strategy: 0
2021/09/17-17:34:21.512650 7f0ee86c7c80         Options.bottommost_compression_opts.max_dict_bytes: 0
2021/09/17-17:34:21.512650 7f0ee86c7c80         Options.bottommost_compression_opts.zstd_max_train_bytes: 0
2021/09/17-17:34:21.512651 7f0ee86c7c80         Options.bottommost_compression_opts.parallel_threads: 1
2021/09/17-17:34:21.512651 7f0ee86c7c80                  Options.bottommost_compression_opts.enabled: false
2021/09/17-17:34:21.512652 7f0ee86c7c80            Options.compression_opts.window_bits: -14
