2021/09/17-17:34:21.205370 7f0ee86c7c80 RocksDB version: 6.17.3
2021/09/17-17:34:21.205429 7f0ee86c7c80 Git sha rocksdb_build_git_sha:@09c7e96eac1ab983f97ce9e0406730b8014b3398@
2021/09/17-17:34:21.205432 7f0ee86c7c80 Compile date Aug 11 2021
2021/09/17-17:34:21.205490 7f0ee86c7c80 DB SUMMARY
2021/09/17-17:34:21.205492 7f0ee86c7c80 DB Session ID:  FMYX64MYDRHRGSXY8LER
2021/09/17-17:34:21.205508 7f0ee86c7c80 SST files in test-ledger/rocksdb dir, Total Num: 0, files: 
2021/09/17-17:34:21.205511 7f0ee86c7c80 Write Ahead Log file in test-ledger/rocksdb: 
2021/09/17-17:34:21.205513 7f0ee86c7c80                         Options.error_if_exists: 0
2021/09/17-17:34:21.205515 7f0ee86c7c80                       Options.create_if_missing: 1
2021/09/17-17:34:21.205517 7f0ee86c7c80                         Options.paranoid_checks: 1
2021/09/17-17:34:21.205518 7f0ee86c7c80                               Options.track_and_verify_wals_in_manifest: 0
2021/09/17-17:34:21.205519 7f0ee86c7c80                                     Options.env: 0x563400ebd2c0
2021/09/17-17:34:21.205521 7f0ee86c7c80                                      Options.fs: Posix File System
2021/09/17-17:34:21.205523 7f0ee86c7c80                                Options.info_log: 0x563401b23500
2021/09/17-17:34:21.205524 7f0ee86c7c80                Options.max_file_opening_threads: 16
2021/09/17-17:34:21.205526 7f0ee86c7c80                              Options.statistics: (nil)
2021/09/17-17:34:21.205528 7f0ee86c7c80                               Options.use_fsync: 0
2021/09/17-17:34:21.205529 7f0ee86c7c80                       Options.max_log_file_size: 0
2021/09/17-17:34:21.205531 7f0ee86c7c80                  Options.max_manifest_file_size: 1073741824
2021/09/17-17:34:21.205533 7f0ee86c7c80                   Options.log_file_time_to_roll: 0
2021/09/17-17:34:21.205534 7f0ee86c7c80                       Options.keep_log_file_num: 1000
2021/09/17-17:34:21.205535 7f0ee86c7c80                    Options.recycle_log_file_num: 0
2021/09/17-17:34:21.205537 7f0ee86c7c80                         Options.allow_fallocate: 1
2021/09/17-17:34:21.205538 7f0ee86c7c80                        Options.allow_mmap_reads: 0
2021/09/17-17:34:21.205540 7f0ee86c7c80                       Options.allow_mmap_writes: 0
2021/09/17-17:34:21.205541 7f0ee86c7c80                        Options.use_direct_reads: 0
2021/09/17-17:34:21.205542 7f0ee86c7c80                        Options.use_direct_io_for_flush_and_compaction: 0
2021/09/17-17:34:21.205544 7f0ee86c7c80          Options.create_missing_column_families: 1
2021/09/17-17:34:21.205545 7f0ee86c7c80                              Options.db_log_dir: 
2021/09/17-17:34:21.205546 7f0ee86c7c80                                 Options.wal_dir: test-ledger/rocksdb
2021/09/17-17:34:21.205548 7f0ee86c7c80                Options.table_cache_numshardbits: 6
2021/09/17-17:34:21.205549 7f0ee86c7c80                         Options.WAL_ttl_seconds: 0
2021/09/17-17:34:21.205550 7f0ee86c7c80                       Options.WAL_size_limit_MB: 0
2021/09/17-17:34:21.205552 7f0ee86c7c80                        Options.max_write_batch_group_size_bytes: 1048576
2021/09/17-17:34:21.205553 7f0ee86c7c80             Options.manifest_preallocation_size: 4194304
2021/09/17-17:34:21.205555 7f0ee86c7c80                     Options.is_fd_close_on_exec: 1
2021/09/17-17:34:21.205556 7f0ee86c7c80                   Options.advise_random_on_open: 1
2021/09/17-17:34:21.205558 7f0ee86c7c80                    Options.db_write_buffer_size: 0
2021/09/17-17:34:21.205559 7f0ee86c7c80                    Options.write_buffer_manager: 0x563401b58f50
2021/09/17-17:34:21.205560 7f0ee86c7c80         Options.access_hint_on_compaction_start: 1
2021/09/17-17:34:21.205562 7f0ee86c7c80  Options.new_table_reader_for_compaction_inputs: 0
2021/09/17-17:34:21.205563 7f0ee86c7c80           Options.random_access_max_buffer_size: 1048576
2021/09/17-17:34:21.205565 7f0ee86c7c80                      Options.use_adaptive_mutex: 0
2021/09/17-17:34:21.205566 7f0ee86c7c80                            Options.rate_limiter: (nil)
2021/09/17-17:34:21.205568 7f0ee86c7c80     Options.sst_file_manager.rate_bytes_per_sec: 0
2021/09/17-17:34:21.205581 7f0ee86c7c80                       Options.wal_recovery_mode: 2
2021/09/17-17:34:21.205583 7f0ee86c7c80                  Options.enable_thread_tracking: 0
2021/09/17-17:34:21.205584 7f0ee86c7c80                  Options.enable_pipelined_write: 0
2021/09/17-17:34:21.205585 7f0ee86c7c80                  Options.unordered_write: 0
2021/09/17-17:34:21.205587 7f0ee86c7c80         Options.allow_concurrent_memtable_write: 1
2021/09/17-17:34:21.205588 7f0ee86c7c80      Options.enable_write_thread_adaptive_yield: 1
2021/09/17-17:34:21.205589 7f0ee86c7c80             Options.write_thread_max_yield_usec: 100
2021/09/17-17:34:21.205591 7f0ee86c7c80            Options.write_thread_slow_yield_usec: 3
2021/09/17-17:34:21.205592 7f0ee86c7c80                               Options.row_cache: None
2021/09/17-17:34:21.205593 7f0ee86c7c80                              Options.wal_filter: None
2021/09/17-17:34:21.205595 7f0ee86c7c80             Options.avoid_flush_during_recovery: 0
2021/09/17-17:34:21.205596 7f0ee86c7c80             Options.allow_ingest_behind: 0
2021/09/17-17:34:21.205597 7f0ee86c7c80             Options.preserve_deletes: 0
2021/09/17-17:34:21.205599 7f0ee86c7c80             Options.two_write_queues: 0
2021/09/17-17:34:21.205600 7f0ee86c7c80             Options.manual_wal_flush: 0
2021/09/17-17:34:21.205601 7f0ee86c7c80             Options.atomic_flush: 0
2021/09/17-17:34:21.205603 7f0ee86c7c80             Options.avoid_unnecessary_blocking_io: 0
2021/09/17-17:34:21.205604 7f0ee86c7c80                 Options.persist_stats_to_disk: 0
2021/09/17-17:34:21.205605 7f0ee86c7c80                 Options.write_dbid_to_manifest: 0
2021/09/17-17:34:21.205607 7f0ee86c7c80                 Options.log_readahead_size: 0
2021/09/17-17:34:21.205608 7f0ee86c7c80                 Options.file_checksum_gen_factory: Unknown
2021/09/17-17:34:21.205609 7f0ee86c7c80                 Options.best_efforts_recovery: 0
2021/09/17-17:34:21.205611 7f0ee86c7c80                Options.max_bgerror_resume_count: 2147483647
2021/09/17-17:34:21.205612 7f0ee86c7c80            Options.bgerror_resume_retry_interval: 1000000
2021/09/17-17:34:21.205614 7f0ee86c7c80             Options.allow_data_in_errors: 0
2021/09/17-17:34:21.205615 7f0ee86c7c80             Options.db_host_id: __hostname__
2021/09/17-17:34:21.205616 7f0ee86c7c80             Options.max_background_jobs: 8
2021/09/17-17:34:21.205618 7f0ee86c7c80             Options.max_background_compactions: -1
2021/09/17-17:34:21.205619 7f0ee86c7c80             Options.max_subcompactions: 1
2021/09/17-17:34:21.205621 7f0ee86c7c80             Options.avoid_flush_during_shutdown: 0
2021/09/17-17:34:21.205622 7f0ee86c7c80           Options.writable_file_max_buffer_size: 1048576
2021/09/17-17:34:21.205623 7f0ee86c7c80             Options.delayed_write_rate : 16777216
2021/09/17-17:34:21.205625 7f0ee86c7c80             Options.max_total_wal_size: 4294967296
2021/09/17-17:34:21.205626 7f0ee86c7c80             Options.delete_obsolete_files_period_micros: 21600000000
2021/09/17-17:34:21.205628 7f0ee86c7c80                   Options.stats_dump_period_sec: 600
2021/09/17-17:34:21.205629 7f0ee86c7c80                 Options.stats_persist_period_sec: 600
2021/09/17-17:34:21.205631 7f0ee86c7c80                 Options.stats_history_buffer_size: 1048576
2021/09/17-17:34:21.205632 7f0ee86c7c80                          Options.max_open_files: -1
2021/09/17-17:34:21.205633 7f0ee86c7c80                          Options.bytes_per_sync: 0
2021/09/17-17:34:21.205635 7f0ee86c7c80                      Options.wal_bytes_per_sync: 0
2021/09/17-17:34:21.205636 7f0ee86c7c80                   Options.strict_bytes_per_sync: 0
2021/09/17-17:34:21.205637 7f0ee86c7c80       Options.compaction_readahead_size: 0
2021/09/17-17:34:21.205639 7f0ee86c7c80                  Options.max_background_flushes: -1
2021/09/17-17:34:21.205640 7f0ee86c7c80 Compression algorithms supported:
2021/09/17-17:34:21.205642 7f0ee86c7c80 	kZSTDNotFinalCompression supported: 0
2021/09/17-17:34:21.205644 7f0ee86c7c80 	kZSTD supported: 0
2021/09/17-17:34:21.205652 7f0ee86c7c80 	kXpressCompression supported: 0
2021/09/17-17:34:21.205654 7f0ee86c7c80 	kLZ4HCCompression supported: 1
2021/09/17-17:34:21.205655 7f0ee86c7c80 	kLZ4Compression supported: 1
2021/09/17-17:34:21.205657 7f0ee86c7c80 	kBZip2Compression supported: 0
2021/09/17-17:34:21.205658 7f0ee86c7c80 	kZlibCompression supported: 0
2021/09/17-17:34:21.205660 7f0ee86c7c80 	kSnappyCompression supported: 0
2021/09/17-17:34:21.205662 7f0ee86c7c80 Fast CRC32 supported: Supported on x86
2021/09/17-17:34:21.207768 7f0ee86c7c80 [db/db_impl/db_impl_open.cc:283] Creating manifest 1 
2021/09/17-17:34:21.212023 7f0ee86c7c80 [db/version_set.cc:4757] Recovering from manifest file: test-ledger/rocksdb/MANIFEST-000001
2021/09/17-17:34:21.212223 7f0ee86c7c80 [db/column_family.cc:597] --------------- Options for column family [default]:
2021/09/17-17:34:21.212225 7f0ee86c7c80               Options.comparator: leveldb.BytewiseComparator
2021/09/17-17:34:21.212226 7f0ee86c7c80           Options.merge_operator: None
2021/09/17-17:34:21.212227 7f0ee86c7c80        Options.compaction_filter: None
2021/09/17-17:34:21.212228 7f0ee86c7c80        Options.compaction_filter_factory: None
2021/09/17-17:34:21.212229 7f0ee86c7c80  Options.sst_partitioner_factory: None
2021/09/17-17:34:21.212230 7f0ee86c7c80         Options.memtable_factory: SkipListFactory
2021/09/17-17:34:21.212231 7f0ee86c7c80            Options.table_factory: BlockBasedTable
2021/09/17-17:34:21.212268 7f0ee86c7c80            table_factory options:   flush_block_policy_factory: FlushBlockBySizePolicyFactory (0x563401b55690)
  cache_index_and_filter_blocks: 0
  cache_index_and_filter_blocks_with_high_priority: 1
  pin_l0_filter_and_index_blocks_in_cache: 0
  pin_top_level_index_and_filter: 1
  index_type: 0
  data_block_index_type: 0
  index_shortening: 1
  data_block_hash_table_util_ratio: 0.750000
  hash_index_allow_collision: 1
  checksum: 1
  no_block_cache: 0
  block_cache: 0x563401b556e0
  block_cache_name: LRUCache
  block_cache_options:
    capacity : 8388608
    num_shard_bits : 4
    strict_capacity_limit : 0
    memory_allocator : None
    high_pri_pool_ratio: 0.000
  block_cache_compressed: (nil)
  persistent_cache: (nil)
  block_size: 4096
  block_size_deviation: 10
  block_restart_interval: 16
  index_block_restart_interval: 1
  metadata_block_size: 4096
  partition_filters: 0
  use_delta_encoding: 1
  filter_policy: nullptr
  whole_key_filtering: 1
  verify_compression: 0
  read_amp_bytes_per_bit: 0
  format_version: 4
  enable_index_compression: 1
  block_align: 0
2021/09/17-17:34:21.212269 7f0ee86c7c80        Options.write_buffer_size: 67108864
2021/09/17-17:34:21.212270 7f0ee86c7c80  Options.max_write_buffer_number: 2
2021/09/17-17:34:21.212271 7f0ee86c7c80          Options.compression: NoCompression
2021/09/17-17:34:21.212272 7f0ee86c7c80                  Options.bottommost_compression: Disabled
2021/09/17-17:34:21.212273 7f0ee86c7c80       Options.prefix_extractor: nullptr
2021/09/17-17:34:21.212274 7f0ee86c7c80   Options.memtable_insert_with_hint_prefix_extractor: nullptr
2021/09/17-17:34:21.212275 7f0ee86c7c80             Options.num_levels: 7
2021/09/17-17:34:21.212276 7f0ee86c7c80        Options.min_write_buffer_number_to_merge: 1
2021/09/17-17:34:21.212277 7f0ee86c7c80     Options.max_write_buffer_number_to_maintain: 0
2021/09/17-17:34:21.212277 7f0ee86c7c80     Options.max_write_buffer_size_to_maintain: 0
2021/09/17-17:34:21.212278 7f0ee86c7c80            Options.bottommost_compression_opts.window_bits: -14
2021/09/17-17:34:21.212279 7f0ee86c7c80                  Options.bottommost_compression_opts.level: 32767
2021/09/17-17:34:21.212280 7f0ee86c7c80               Options.bottommost_compression_opts.strategy: 0
2021/09/17-17:34:21.212281 7f0ee86c7c80         Options.bottommost_compression_opts.max_dict_bytes: 0
2021/09/17-17:34:21.212281 7f0ee86c7c80         Options.bottommost_compression_opts.zstd_max_train_bytes: 0
2021/09/17-17:34:21.212282 7f0ee86c7c80         Options.bottommost_compression_opts.parallel_threads: 1
2021/09/17-17:34:21.212309 7f0ee86c7c80                  Options.bottommost_compression_opts.enabled: false
2021/09/17-17:34:21.212310 7f0ee86c7c80            Options.compression_opts.window_bits: -14
2021/09/17-17:34:21.212311 7f0ee86c7c80                  Options.compression_opts.level: 32767
2021/09/17-17:34:21.212312 7f0ee86c7c80               Options.compression_opts.strategy: 0
2021/09/17-17:34:21.212312 7f0ee86c7c80         Options.compression_opts.max_dict_bytes: 0
2021/09/17-17:34:21.212313 7f0ee86c7c80         Options.compression_opts.zstd_max_train_bytes: 0
2021/09/17-17:34:21.212314 7f0ee86c7c80         Options.compression_opts.parallel_threads: 1
2021/09/17-17:34:21.212315 7f0ee86c7c80                  Options.compression_opts.enabled: false
2021/09/17-17:34:21.212316 7f0ee86c7c80      Options.level0_file_num_compaction_trigger: 4
2021/09/17-17:34:21.212316 7f0ee86c7c80          Options.level0_slowdown_writes_trigger: 20
2021/09/17-17:34:21.212317 7f0ee86c7c80              Options.level0_stop_writes_trigger: 36
2021/09/17-17:34:21.212318 7f0ee86c7c80                   Options.target_file_size_base: 67108864
2021/09/17-17:34:21.212319 7f0ee86c7c80             Options.target_file_size_multiplier: 1
2021/09/17-17:34:21.212319 7f0ee86c7c80                Options.max_bytes_for_level_base: 268435456
2021/09/17-17:34:21.212320 7f0ee86c7c80 Options.level_compaction_dynamic_level_bytes: 0
2021/09/17-17:34:21.212321 7f0ee86c7c80          Options.max_bytes_for_level_multiplier: 10.000000
2021/09/17-17:34:21.212323 7f0ee86c7c80 Options.max_bytes_for_level_multiplier_addtl[0]: 1
2021/09/17-17:34:21.212324 7f0ee86c7c80 Options.max_bytes_for_level_multiplier_addtl[1]: 1
2021/09/17-17:34:21.212325 7f0ee86c7c80 Options.max_bytes_for_level_multiplier_addtl[2]: 1
2021/09/17-17:34:21.212326 7f0ee86c7c80 Options.max_bytes_for_level_multiplier_addtl[3]: 1
2021/09/17-17:34:21.212327 7f0ee86c7c80 Options.max_bytes_for_level_multiplier_addtl[4]: 1
2021/09/17-17:34:21.212328 7f0ee86c7c80 Options.max_bytes_for_level_multiplier_addtl[5]: 1
2021/09/17-17:34:21.212328 7f0ee86c7c80 Options.max_bytes_for_level_multiplier_addtl[6]: 1
2021/09/17-17:34:21.212330 7f0ee86c7c80       Options.max_sequential_skip_in_iterations: 8
2021/09/17-17:34:21.212331 7f0ee86c7c80                    Options.max_compaction_bytes: 1677721600
2021/09/17-17:34:21.212332 7f0ee86c7c80                        Options.arena_block_size: 8388608
2021/09/17-17:34:21.212332 7f0ee86c7c80   Options.soft_pending_compaction_bytes_limit: 68719476736
2021/09/17-17:34:21.212333 7f0ee86c7c80   Options.hard_pending_compaction_bytes_limit: 274877906944
2021/09/17-17:34:21.212334 7f0ee86c7c80       Options.rate_limit_delay_max_milliseconds: 100
2021/09/17-17:34:21.212335 7f0ee86c7c80                Options.disable_auto_compactions: 0
2021/09/17-17:34:21.212337 7f0ee86c7c80                        Options.compaction_style: kCompactionStyleLevel
2021/09/17-17:34:21.212338 7f0ee86c7c80                          Options.compaction_pri: kMinOverlappingRatio
2021/09/17-17:34:21.212339 7f0ee86c7c80 Options.compaction_options_universal.size_ratio: 1
2021/09/17-17:34:21.212340 7f0ee86c7c80 Options.compaction_options_universal.min_merge_width: 2
2021/09/17-17:34:21.212340 7f0ee86c7c80 Options.compaction_options_universal.max_merge_width: 4294967295
2021/09/17-17:34:21.212341 7f0ee86c7c80 Options.compaction_options_universal.max_size_amplification_percent: 200
2021/09/17-17:34:21.212342 7f0ee86c7c80 Options.compaction_options_universal.compression_size_percent: -1
2021/09/17-17:34:21.212344 7f0ee86c7c80 Options.compaction_options_universal.stop_style: kCompactionStopStyleTotalSize
2021/09/17-17:34:21.212344 7f0ee86c7c80 Options.compaction_options_fifo.max_table_files_size: 1073741824
2021/09/17-17:34:21.212345 7f0ee86c7c80 Options.compaction_options_fifo.allow_compaction: 0
2021/09/17-17:34:21.212355 7f0ee86c7c80                   Options.table_properties_collectors: 
2021/09/17-17:34:21.212356 7f0ee86c7c80                   Options.inplace_update_support: 0
2021/09/17-17:34:21.212357 7f0ee86c7c80                 Options.inplace_update_num_locks: 10000
2021/09/17-17:34:21.212376 7f0ee86c7c80               Options.memtable_prefix_bloom_size_ratio: 0.000000
2021/09/17-17:34:21.212377 7f0ee86c7c80               Options.memtable_whole_key_filtering: 0
2021/09/17-17:34:21.212378 7f0ee86c7c80   Options.memtable_huge_page_size: 0
2021/09/17-17:34:21.212378 7f0ee86c7c80                           Options.bloom_locality: 0
2021/09/17-17:34:21.212379 7f0ee86c7c80                    Options.max_successive_merges: 0
2021/09/17-17:34:21.212380 7f0ee86c7c80                Options.optimize_filters_for_hits: 0
2021/09/17-17:34:21.212380 7f0ee86c7c80                Options.paranoid_file_checks: 0
2021/09/17-17:34:21.212381 7f0ee86c7c80                Options.force_consistency_checks: 1
2021/09/17-17:34:21.212382 7f0ee86c7c80                Options.report_bg_io_stats: 0
2021/09/17-17:34:21.212382 7f0ee86c7c80                               Options.ttl: 2592000
2021/09/17-17:34:21.212383 7f0ee86c7c80          Options.periodic_compaction_seconds: 0
2021/09/17-17:34:21.212384 7f0ee86c7c80                    Options.enable_blob_files: false
2021/09/17-17:34:21.212384 7f0ee86c7c80                        Options.min_blob_size: 0
2021/09/17-17:34:21.212385 7f0ee86c7c80                       Options.blob_file_size: 268435456
2021/09/17-17:34:21.212386 7f0ee86c7c80                Options.blob_compression_type: NoCompression
2021/09/17-17:34:21.212387 7f0ee86c7c80       Options.enable_blob_garbage_collection: false
2021/09/17-17:34:21.212387 7f0ee86c7c80   Options.blob_garbage_collection_age_cutoff: 0.250000
2021/09/17-17:34:21.212838 7f0ee86c7c80 [db/version_set.cc:4805] Recovered from manifest file:test-ledger/rocksdb/MANIFEST-000001 succeeded,manifest_file_number is 1, next_file_number is 3, last_sequence is 0, log_number is 0,prev_log_number is 0,max_column_family is 0,min_log_number_to_keep is 0
2021/09/17-17:34:21.212842 7f0ee86c7c80 [db/version_set.cc:4814] Column family [default] (ID 0), log number is 0
2021/09/17-17:34:21.212892 7f0ee86c7c80 [db/version_set.cc:4111] Creating manifest 3
2021/09/17-17:34:21.216550 7f0ee86c7c80 [db/column_family.cc:597] --------------- Options for column family [meta]:
2021/09/17-17:34:21.216552 7f0ee86c7c80               Options.comparator: leveldb.BytewiseComparator
2021/09/17-17:34:21.216553 7f0ee86c7c80           Options.merge_operator: None
2021/09/17-17:34:21.216554 7f0ee86c7c80        Options.compaction_filter: None
2021/09/17-17:34:21.216555 7f0ee86c7c80        Options.compaction_filter_factory: purged_slot_filter_factory(meta)
2021/09/17-17:34:21.216555 7f0ee86c7c80  Options.sst_partitioner_factory: None
2021/09/17-17:34:21.216556 7f0ee86c7c80         Options.memtable_factory: SkipListFactory
2021/09/17-17:34:21.216557 7f0ee86c7c80            Options.table_factory: BlockBasedTable
2021/09/17-17:34:21.216573 7f0ee86c7c80            table_factory options:   flush_block_policy_factory: FlushBlockBySizePolicyFactory (0x563401b2c560)
  cache_index_and_filter_blocks: 0
  cache_index_and_filter_blocks_with_high_priority: 1
  pin_l0_filter_and_index_blocks_in_cache: 0
  pin_top_level_index_and_filter: 1
  index_type: 0
  data_block_index_type: 0
  index_shortening: 1
  data_block_hash_table_util_ratio: 0.750000
  hash_index_allow_collision: 1
  checksum: 1
  no_block_cache: 0
  block_cache: 0x563401b2a490
  block_cache_name: LRUCache
  block_cache_options:
    capacity : 8388608
    num_shard_bits : 4
    strict_capacity_limit : 0
    memory_allocator : None
    high_pri_pool_ratio: 0.000
  block_cache_compressed: (nil)
  persistent_cache: (nil)
  block_size: 4096
  block_size_deviation: 10
  block_restart_interval: 16
  index_block_restart_interval: 1
  metadata_block_size: 4096
  partition_filters: 0
  use_delta_encoding: 1
  filter_policy: nullptr
  whole_key_filtering: 1
  verify_compression: 0
  read_amp_bytes_per_bit: 0
  format_version: 4
  enable_index_compression: 1
  block_align: 0
2021/09/17-17:34:21.216574 7f0ee86c7c80        Options.write_buffer_size: 268435456
2021/09/17-17:34:21.216574 7f0ee86c7c80  Options.max_write_buffer_number: 8
2021/09/17-17:34:21.216575 7f0ee86c7c80          Options.compression: NoCompression
2021/09/17-17:34:21.216576 7f0ee86c7c80                  Options.bottommost_compression: Disabled
2021/09/17-17:34:21.216576 7f0ee86c7c80       Options.prefix_extractor: nullptr
2021/09/17-17:34:21.216577 7f0ee86c7c80   Options.memtable_insert_with_hint_prefix_extractor: nullptr
2021/09/17-17:34:21.216578 7f0ee86c7c80             Options.num_levels: 7
2021/09/17-17:34:21.216578 7f0ee86c7c80        Options.min_write_buffer_number_to_merge: 1
2021/09/17-17:34:21.216579 7f0ee86c7c80     Options.max_write_buffer_number_to_maintain: 0
2021/09/17-17:34:21.216579 7f0ee86c7c80     Options.max_write_buffer_size_to_maintain: 0
2021/09/17-17:34:21.216580 7f0ee86c7c80            Options.bottommost_compression_opts.window_bits: -14
2021/09/17-17:34:21.216581 7f0ee86c7c80                  Options.bottommost_compression_opts.level: 32767
2021/09/17-17:34:21.216581 7f0ee86c7c80               Options.bottommost_compression_opts.strategy: 0
2021/09/17-17:34:21.216582 7f0ee86c7c80         Options.bottommost_compression_opts.max_dict_bytes: 0
2021/09/17-17:34:21.216582 7f0ee86c7c80         Options.bottommost_compression_opts.zstd_max_train_bytes: 0
2021/09/17-17:34:21.216583 7f0ee86c7c80         Options.bottommost_compression_opts.parallel_threads: 1
2021/09/17-17:34:21.216584 7f0ee86c7c80                  Options.bottommost_compression_opts.enabled: false
2021/09/17-17:34:21.216584 7f0ee86c7c80            Options.compression_opts.window_bits: -14
2021/09/17-17:34:21.216585 7f0ee86c7c80                  Options.compression_opts.level: 32767
2021/09/17-17:34:21.216586 7f0ee86c7c80               Options.compression_opts.strategy: 0
2021/09/17-17:34:21.216586 7f0ee86c7c80         Options.compression_opts.max_dict_bytes: 0
2021/09/17-17:34:21.216587 7f0ee86c7c80         Options.compression_opts.zstd_max_train_bytes: 0
2021/09/17-17:34:21.216587 7f0ee86c7c80         Options.compression_opts.parallel_threads: 1
2021/09/17-17:34:21.216588 7f0ee86c7c80                  Options.compression_opts.enabled: false
2021/09/17-17:34:21.216597 7f0ee86c7c80      Options.level0_file_num_compaction_trigger: 4
2021/09/17-17:34:21.216598 7f0ee86c7c80          Options.level0_slowdown_writes_trigger: 20
2021/09/17-17:34:21.216598 7f0ee86c7c80              Options.level0_stop_writes_trigger: 36
2021/09/17-17:34:21.216599 7f0ee86c7c80                   Options.target_file_size_base: 107374182
2021/09/17-17:34:21.216599 7f0ee86c7c80             Options.target_file_size_multiplier: 1
2021/09/17-17:34:21.216600 7f0ee86c7c80                Options.max_bytes_for_level_base: 1073741824
2021/09/17-17:34:21.216600 7f0ee86c7c80 Options.level_compaction_dynamic_level_bytes: 0
2021/09/17-17:34:21.216601 7f0ee86c7c80          Options.max_bytes_for_level_multiplier: 10.000000
2021/09/17-17:34:21.216602 7f0ee86c7c80 Options.max_bytes_for_level_multiplier_addtl[0]: 1
2021/09/17-17:34:21.216603 7f0ee86c7c80 Options.max_bytes_for_level_multiplier_addtl[1]: 1
2021/09/17-17:34:21.216604 7f0ee86c7c80 Options.max_bytes_for_level_multiplier_addtl[2]: 1
2021/09/17-17:34:21.216604 7f0ee86c7c80 Options.max_bytes_for_level_multiplier_addtl[3]: 1
2021/09/17-17:34:21.216605 7f0ee86c7c80 Options.max_bytes_for_level_multiplier_addtl[4]: 1
2021/09/17-17:34:21.216606 7f0ee86c7c80 Options.max_bytes_for_level_multiplier_addtl[5]: 1
2021/09/17-17:34:21.216606 7f0ee86c7c80 Options.max_bytes_for_level_multiplier_addtl[6]: 1
2021/09/17-17:34:21.216607 7f0ee86c7c80       Options.max_sequential_skip_in_iterations: 8
2021/09/17-17:34:21.216607 7f0ee86c7c80                    Options.max_compaction_bytes: 2684354550
2021/09/17-17:34:21.216608 7f0ee86c7c80                        Options.arena_block_size: 33554432
2021/09/17-17:34:21.216608 7f0ee86c7c80   Options.soft_pending_compaction_bytes_limit: 68719476736
2021/09/17-17:34:21.216609 7f0ee86c7c80   Options.hard_pending_compaction_bytes_limit: 274877906944
2021/09/17-17:34:21.216610 7f0ee86c7c80       Options.rate_limit_delay_max_milliseconds: 100
2021/09/17-17:34:21.216610 7f0ee86c7c80                Options.disable_auto_compactions: 0
2021/09/17-17:34:21.216612 7f0ee86c7c80                        Options.compaction_style: kCompactionStyleLevel
2021/09/17-17:34:21.216613 7f0ee86c7c80                          Options.compaction_pri: kMinOverlappingRatio
2021/09/17-17:34:21.216613 7f0ee86c7c80 Options.compaction_options_universal.size_ratio: 1
2021/09/17-17:34:21.216614 7f0ee86c7c80 Options.compaction_options_universal.min_merge_width: 2
2021/09/17-17:34:21.216614 7f0ee86c7c80 Options.compaction_options_universal.max_merge_width: 4294967295
2021/09/17-17:34:21.216615 7f0ee86c7c80 Options.compaction_options_universal.max_size_amplification_percent: 200
2021/09/17-17:34:21.216615 7f0ee86c7c80 Options.compaction_options_universal.compression_size_percent: -1
2021/09/17-17:34:21.216616 7f0ee86c7c80 Options.compaction_options_universal.stop_style: kCompactionStopStyleTotalSize
2021/09/17-17:34:21.216617 7f0ee86c7c80 Options.compaction_options_fifo.max_table_files_size: 1073741824
2021/09/17-17:34:21.216618 7f0ee86c7c80 Options.compaction_options_fifo.allow_compaction: 0
2021/09/17-17:34:21.216621 7f0ee86c7c80                   Options.table_properties_collectors: 
2021/09/17-17:34:21.216622 7f0ee86c7c80                   Options.inplace_update_support: 0
2021/09/17-17:34:21.216623 7f0ee86c7c80                 Options.inplace_update_num_locks: 10000
2021/09/17-17:34:21.216623 7f0ee86c7c80               Options.memtable_prefix_bloom_size_ratio: 0.000000
2021/09/17-17:34:21.216624 7f0ee86c7c80               Options.memtable_whole_key_filtering: 0
2021/09/17-17:34:21.216625 7f0ee86c7c80   Options.memtable_huge_page_size: 0
2021/09/17-17:34:21.216626 7f0ee86c7c80                           Options.bloom_locality: 0
2021/09/17-17:34:21.216626 7f0ee86c7c80                    Options.max_successive_merges: 0
2021/09/17-17:34:21.216627 7f0ee86c7c80                Options.optimize_filters_for_hits: 0
2021/09/17-17:34:21.216627 7f0ee86c7c80                Options.paranoid_file_checks: 0
2021/09/17-17:34:21.216628 7f0ee86c7c80                Options.force_consistency_checks: 1
2021/09/17-17:34:21.216632 7f0ee86c7c80                Options.report_bg_io_stats: 0
2021/09/17-17:34:21.216633 7f0ee86c7c80                               Options.ttl: 2592000
2021/09/17-17:34:21.216634 7f0ee86c7c80          Options.periodic_compaction_seconds: 2592000
2021/09/17-17:34:21.216634 7f0ee86c7c80                    Options.enable_blob_files: false
2021/09/17-17:34:21.216635 7f0ee86c7c80                        Options.min_blob_size: 0
2021/09/17-17:34:21.216636 7f0ee86c7c80                       Options.blob_file_size: 268435456
2021/09/17-17:34:21.216636 7f0ee86c7c80                Options.blob_compression_type: NoCompression
2021/09/17-17:34:21.216637 7f0ee86c7c80       Options.enable_blob_garbage_collection: false
2021/09/17-17:34:21.216637 7f0ee86c7c80   Options.blob_garbage_collection_age_cutoff: 0.250000
2021/09/17-17:34:21.216653 7f0ee86c7c80 [db/db_impl/db_impl.cc:2658] Created column family [meta] (ID 1)
2021/09/17-17:34:21.219187 7f0ee86c7c80 [db/column_family.cc:597] --------------- Options for column family [dead_slots]:
2021/09/17-17:34:21.219190 7f0ee86c7c80               Options.comparator: leveldb.BytewiseComparator
2021/09/17-17:34:21.219191 7f0ee86c7c80           Options.merge_operator: None
2021/09/17-17:34:21.219192 7f0ee86c7c80        Options.compaction_filter: None
2021/09/17-17:34:21.219193 7f0ee86c7c80        Options.compaction_filter_factory: purged_slot_filter_factory(dead_slots)
2021/09/17-17:34:21.219194 7f0ee86c7c80  Options.sst_partitioner_factory: None
2021/09/17-17:34:21.219194 7f0ee86c7c80         Options.memtable_factory: SkipListFactory
2021/09/17-17:34:21.219195 7f0ee86c7c80            Options.table_factory: BlockBasedTable
2021/09/17-17:34:21.219216 7f0ee86c7c80            table_factory options:   flush_block_policy_factory: FlushBlockBySizePolicyFactory (0x563401b2a900)
  cache_index_and_filter_blocks: 0
  cache_index_and_filter_blocks_with_high_priority: 1
  pin_l0_filter_and_index_blocks_in_cache: 0
  pin_top_level_index_and_filter: 1
  index_type: 0
  data_block_index_type: 0
  index_shortening: 1
  data_block_hash_table_util_ratio: 0.750000
  hash_index_allow_collision: 1
  checksum: 1
  no_block_cache: 0
  block_cache: 0x563401b2e5e0
  block_cache_name: LRUCache
  block_cache_options:
    capacity : 8388608
    num_shard_bits : 4
    strict_capacity_limit : 0
    memory_allocator : None
    high_pri_pool_ratio: 0.000
  block_cache_compressed: (nil)
  persistent_cache: (nil)
  block_size: 4096
  block_size_deviation: 10
  block_restart_interval: 16
  index_block_restart_interval: 1
  metadata_block_size: 4096
  partition_filters: 0
  use_delta_encoding: 1
  filter_policy: nullptr
  whole_key_filtering: 1
  verify_compression: 0
  read_amp_bytes_per_bit: 0
  format_version: 4
  enable_index_compression: 1
  block_align: 0
2021/09/17-17:34:21.219218 7f0ee86c7c80        Options.write_buffer_size: 268435456
2021/09/17-17:34:21.219219 7f0ee86c7c80  Options.max_write_buffer_number: 8
2021/09/17-17:34:21.219220 7f0ee86c7c80          Options.compression: NoCompression
2021/09/17-17:34:21.219221 7f0ee86c7c80                  Options.bottommost_compression: Disabled
2021/09/17-17:34:21.219223 7f0ee86c7c80       Options.prefix_extractor: nullptr
2021/09/17-17:34:21.219224 7f0ee86c7c80   Options.memtable_insert_with_hint_prefix_extractor: nullptr
2021/09/17-17:34:21.219224 7f0ee86c7c80             Options.num_levels: 7
2021/09/17-17:34:21.219225 7f0ee86c7c80        Options.min_write_buffer_number_to_merge: 1
2021/09/17-17:34:21.219226 7f0ee86c7c80     Options.max_write_buffer_number_to_maintain: 0
2021/09/17-17:34:21.219227 7f0ee86c7c80     Options.max_write_buffer_size_to_maintain: 0
2021/09/17-17:34:21.219228 7f0ee86c7c80            Options.bottommost_compression_opts.window_bits: -14
2021/09/17-17:34:21.219229 7f0ee86c7c80                  Options.bottommost_compression_opts.level: 32767
2021/09/17-17:34:21.219230 7f0ee86c7c80               Options.bottommost_compression_opts.strategy: 0
2021/09/17-17:34:21.219231 7f0ee86c7c80         Options.bottommost_compression_opts.max_dict_bytes: 0
2021/09/17-17:34:21.219233 7f0ee86c7c80         Options.bottommost_compression_opts.zstd_max_train_bytes: 0
2021/09/17-17:34:21.219234 7f0ee86c7c80         Options.bottommost_compression_opts.parallel_threads: 1
2021/09/17-17:34:21.219235 7f0ee86c7c80                  Options.bottommost_compression_opts.enabled: false
2021/09/17-17:34:21.219236 7f0ee86c7c80            Options.compression_opts.window_bits: -14
2021/09/17-17:34:21.219237 7f0ee86c7c80                  Options.compression_opts.level: 32767
2021/09/17-17:34:21.219238 7f0ee86c7c80               Options.compression_opts.strategy: 0
2021/09/17-17:34:21.219239 7f0ee86c7c80         Options.compression_opts.max_dict_bytes: 0
2021/09/17-17:34:21.219239 7f0ee86c7c80         Options.compression_opts.zstd_max_train_bytes: 0
2021/09/17-17:34:21.219240 7f0ee86c7c80         Options.compression_opts.parallel_threads: 1
2021/09/17-17:34:21.219241 7f0ee86c7c80                  Options.compression_opts.enabled: false
2021/09/17-17:34:21.219251 7f0ee86c7c80      Options.level0_file_num_compaction_trigger: 4
2021/09/17-17:34:21.219252 7f0ee86c7c80          Options.level0_slowdown_writes_trigger: 20
2021/09/17-17:34:21.219253 7f0ee86c7c80              Options.level0_stop_writes_trigger: 36
2021/09/17-17:34:21.219253 7f0ee86c7c80                   Options.target_file_size_base: 107374182
2021/09/17-17:34:21.219254 7f0ee86c7c80             Options.target_file_size_multiplier: 1
2021/09/17-17:34:21.219255 7f0ee86c7c80                Options.max_bytes_for_level_base: 1073741824
2021/09/17-17:34:21.219255 7f0ee86c7c80 Options.level_compaction_dynamic_level_bytes: 0
2021/09/17-17:34:21.219256 7f0ee86c7c80          Options.max_bytes_for_level_multiplier: 10.000000
2021/09/17-17:34:21.219257 7f0ee86c7c80 Options.max_bytes_for_level_multiplier_addtl[0]: 1
2021/09/17-17:34:21.219258 7f0ee86c7c80 Options.max_bytes_for_level_multiplier_addtl[1]: 1
2021/09/17-17:34:21.219259 7f0ee86c7c80 Options.max_bytes_for_level_multiplier_addtl[2]: 1
2021/09/17-17:34:21.219259 7f0ee86c7c80 Options.max_bytes_for_level_multiplier_addtl[3]: 1
2021/09/17-17:34:21.219260 7f0ee86c7c80 Options.max_bytes_for_level_multiplier_addtl[4]: 1
2021/09/17-17:34:21.219261 7f0ee86c7c80 Options.max_bytes_for_level_multiplier_addtl[5]: 1
2021/09/17-17:34:21.219261 7f0ee86c7c80 Options.max_bytes_for_level_multiplier_addtl[6]: 1
2021/09/17-17:34:21.219262 7f0ee86c7c80       Options.max_sequential_skip_in_iterations: 8
2021/09/17-17:34:21.219262 7f0ee86c7c80                    Options.max_compaction_bytes: 2684354550
2021/09/17-17:34:21.219263 7f0ee86c7c80                        Options.arena_block_size: 33554432
2021/09/17-17:34:21.219264 7f0ee86c7c80   Options.soft_pending_compaction_bytes_limit: 68719476736
2021/09/17-17:34:21.219264 7f0ee86c7c80   Options.hard_pending_compaction_bytes_limit: 274877906944
2021/09/17-17:34:21.219265 7f0ee86c7c80       Options.rate_limit_delay_max_milliseconds: 100
2021/09/17-17:34:21.219266 7f0ee86c7c80                Options.disable_auto_compactions: 0
2021/09/17-17:34:21.219266 7f0ee86c7c80                        Options.compaction_style: kCompactionStyleLevel
2021/09/17-17:34:21.219267 7f0ee86c7c80                          Options.compaction_pri: kMinOverlappingRatio
2021/09/17-17:34:21.219268 7f0ee86c7c80 Options.compaction_options_universal.size_ratio: 1
2021/09/17-17:34:21.219269 7f0ee86c7c80 Options.compaction_options_universal.min_merge_width: 2
2021/09/17-17:34:21.219269 7f0ee86c7c80 Options.compaction_options_universal.max_merge_width: 4294967295
2021/09/17-17:34:21.219270 7f0ee86c7c80 Options.compaction_options_universal.max_size_amplification_percent: 200
2021/09/17-17:34:21.219271 7f0ee86c7c80 Options.compaction_options_universal.compression_size_percent: -1
2021/09/17-17:34:21.219271 7f0ee86c7c80 Options.compaction_options_universal.stop_style: kCompactionStopStyleTotalSize
2021/09/17-17:34:21.219272 7f0ee86c7c80 Options.compaction_options_fifo.max_table_files_size: 1073741824
2021/09/17-17:34:21.219273 7f0ee86c7c80 Options.compaction_options_fifo.allow_compaction: 0
2021/09/17-17:34:21.219275 7f0ee86c7c80                   Options.table_properties_collectors: 
2021/09/17-17:34:21.219276 7f0ee86c7c80                   Options.inplace_update_support: 0
2021/09/17-17:34:21.219277 7f0ee86c7c80                 Options.inplace_update_num_locks: 10000
2021/09/17-17:34:21.219279 7f0ee86c7c80               Options.memtable_prefix_bloom_size_ratio: 0.000000
2021/09/17-17:34:21.219280 7f0ee86c7c80               Options.memtable_whole_key_filtering: 0
2021/09/17-17:34:21.219280 7f0ee86c7c80   Options.memtable_huge_page_size: 0
2021/09/17-17:34:21.219281 7f0ee86c7c80                           Options.bloom_locality: 0
2021/09/17-17:34:21.219282 7f0ee86c7c80                    Options.max_successive_merges: 0
2021/09/17-17:34:21.219283 7f0ee86c7c80                Options.optimize_filters_for_hits: 0
2021/09/17-17:34:21.219284 7f0ee86c7c80                Options.paranoid_file_checks: 0
2021/09/17-17:34:21.219285 7f0ee86c7c80                Options.force_consistency_checks: 1
2021/09/17-17:34:21.219291 7f0ee86c7c80                Options.report_bg_io_stats: 0
2021/09/17-17:34:21.219292 7f0ee86c7c80                               Options.ttl: 2592000
2021/09/17-17:34:21.219292 7f0ee86c7c80          Options.periodic_compaction_seconds: 2592000
2021/09/17-17:34:21.219293 7f0ee86c7c80                    Options.enable_blob_files: false
2021/09/17-17:34:21.219294 7f0ee86c7c80                        Options.min_blob_size: 0
2021/09/17-17:34:21.219294 7f0ee86c7c80                       Options.blob_file_size: 268435456
2021/09/17-17:34:21.219295 7f0ee86c7c80                Options.blob_compression_type: NoCompression
2021/09/17-17:34:21.219296 7f0ee86c7c80       Options.enable_blob_garbage_collection: false
2021/09/17-17:34:21.219297 7f0ee86c7c80   Options.blob_garbage_collection_age_cutoff: 0.250000
2021/09/17-17:34:21.219311 7f0ee86c7c80 [db/db_impl/db_impl.cc:2658] Created column family [dead_slots] (ID 2)
2021/09/17-17:34:21.221820 7f0ee86c7c80 [db/column_family.cc:597] --------------- Options for column family [duplicate_slots]:
2021/09/17-17:34:21.221823 7f0ee86c7c80               Options.comparator: leveldb.BytewiseComparator
2021/09/17-17:34:21.221824 7f0ee86c7c80           Options.merge_operator: None
2021/09/17-17:34:21.221826 7f0ee86c7c80        Options.compaction_filter: None
2021/09/17-17:34:21.221827 7f0ee86c7c80        Options.compaction_filter_factory: purged_slot_filter_factory(duplicate_slots)
2021/09/17-17:34:21.221828 7f0ee86c7c80  Options.sst_partitioner_factory: None
2021/09/17-17:34:21.221828 7f0ee86c7c80         Options.memtable_factory: SkipListFactory
2021/09/17-17:34:21.221829 7f0ee86c7c80            Options.table_factory: BlockBasedTable
2021/09/17-17:34:21.221846 7f0ee86c7c80            table_factory options:   flush_block_policy_factory: FlushBlockBySizePolicyFactory (0x563401b30790)
  cache_index_and_filter_blocks: 0
  cache_index_and_filter_blocks_with_high_priority: 1
  pin_l0_filter_and_index_blocks_in_cache: 0
  pin_top_level_index_and_filter: 1
  index_type: 0
  data_block_index_type: 0
  index_shortening: 1
  data_block_hash_table_util_ratio: 0.750000
  hash_index_allow_collision: 1
  checksum: 1
  no_block_cache: 0
  block_cache: 0x563401b307e0
  block_cache_name: LRUCache
  block_cache_options:
    capacity : 8388608
    num_shard_bits : 4
    strict_capacity_limit : 0
    memory_allocator : None
    high_pri_pool_ratio: 0.000
  block_cache_compressed: (nil)
  persistent_cache: (nil)
  block_size: 4096
  block_size_deviation: 10
  block_restart_interval: 16
  index_block_restart_interval: 1
  metadata_block_size: 4096
  partition_filters: 0
  use_delta_encoding: 1
  filter_policy: nullptr
  whole_key_filtering: 1
  verify_compression: 0
  read_amp_bytes_per_bit: 0
  format_version: 4
  enable_index_compression: 1
  block_align: 0
2021/09/17-17:34:21.221847 7f0ee86c7c80        Options.write_buffer_size: 268435456
2021/09/17-17:34:21.221847 7f0ee86c7c80  Options.max_write_buffer_number: 8
2021/09/17-17:34:21.221848 7f0ee86c7c80          Options.compression: NoCompression
2021/09/17-17:34:21.221849 7f0ee86c7c80                  Options.bottommost_compression: Disabled
2021/09/17-17:34:21.221849 7f0ee86c7c80       Options.prefix_extractor: nullptr
2021/09/17-17:34:21.221850 7f0ee86c7c80   Options.memtable_insert_with_hint_prefix_extractor: nullptr
2021/09/17-17:34:21.221850 7f0ee86c7c80             Options.num_levels: 7
2021/09/17-17:34:21.221851 7f0ee86c7c80        Options.min_write_buffer_number_to_merge: 1
2021/09/17-17:34:21.221852 7f0ee86c7c80     Options.max_write_buffer_number_to_maintain: 0
2021/09/17-17:34:21.221852 7f0ee86c7c80     Options.max_write_buffer_size_to_maintain: 0
2021/09/17-17:34:21.221853 7f0ee86c7c80            Options.bottommost_compression_opts.window_bits: -14
2021/09/17-17:34:21.221853 7f0ee86c7c80                  Options.bottommost_compression_opts.level: 32767
